 1 6.50 -72.50 
 2 6.51 -73.43 
 3 6.51 -73.37 
 4 6.51 -72.37 
 5 6.52 -72.38 
 6 6.53 -73.31 
 7 6.53 -73.25 
 8 6.54 -72.26 
 9 6.55 -72.26 
10 6.56 -73.20 
11 6.57 -73.14 
12 6.58 -72.14 
13 6.59 -72.14 
14 6.60 -73.08 
15 6.61 -73.02 
16 6.63 -72.02 
17 6.64 -72.02 
18 6.65 -72.96 
19 6.67 -73.90 
20 6.68 -72.90 
21 6.70 -72.91 
22 6.71 -73.85 
23 6.73 -73.79 
24 6.74 -72.79 
25 6.75 -72.80 
26 6.77 -73.74 
27 6.78 -73.68 
28 6.80 -72.69 
29 6.82 -72.69 
30 6.84 -73.63 
31 6.86 -73.58 
32 6.87 -72.58 
33 6.89 -72.59 
34 6.90 -73.53 
35 6.92 -73.48 
36 6.93 -72.48 
37 6.95 -72.49 
38 6.96 -73.44 
39 6.98 -73.38 
40 6.99 -72.38 
41 7.00 -72.39 
42 12.01 -71.39 
43 23.01 -67.39 
44 34.01 -64.38 
45 47.01 -59.37 
46 59.01 -53.37 
47 71.01 -47.37 
48 84.01 -41.37 
49 97.01 -34.38 
50 110.01 -29.37 
51 122.01 -23.35 
52 137.01 -16.35 
53 149.01 -10.36 
54 162.01 -5.36 
55 177.01 0.64 
56 190.01 5.65 
57 204.01 11.65 
58 217.01 17.65 
59 230.01 22.66 
60 242.01 27.67 
61 256.01 33.66 
62 266.01 38.66 
63 274.02 42.66 
