 0 20.92 -55.19 
 1 20.92 -54.19 
 2 20.93 -55.14 
 3 20.94 -55.08 
 4 20.94 -54.09 
 5 20.94 -54.09 
 6 20.95 -55.04 
 7 20.96 -54.98 
 8 20.96 -54.98 
 9 20.96 -54.98 
10 20.98 -55.93 
11 20.99 -55.87 
12 20.99 -54.87 
13 21.00 -54.88 
14 21.01 -55.82 
15 20.03 -55.77 
16 20.04 -54.77 
17 20.05 -54.77 
18 20.06 -55.71 
19 20.08 -55.66 
20 20.09 -54.66 
21 20.10 -54.66 
22 20.12 -55.60 
23 20.14 -55.55 
24 20.15 -54.55 
25 20.16 -54.55 
26 20.18 -55.49 
27 20.20 -55.44 
28 20.22 -54.44 
29 20.23 -54.44 
30 20.25 -55.39 
31 20.28 -55.34 
32 20.29 -54.34 
33 20.30 -54.34 
34 20.32 -55.29 
35 20.35 -55.24 
36 20.36 -54.24 
37 20.37 -54.25 
38 20.40 -55.19 
39 20.42 -55.14 
40 20.43 -54.14 
41 26.44 -52.15 
42 36.44 -47.15 
43 45.44 -43.14 
44 54.44 -38.12 
45 62.44 -31.11 
46 72.43 -24.12 
47 80.43 -18.12 
48 88.42 -11.12 
49 96.43 -5.10 
50 104.43 1.89 
51 113.43 7.90 
52 121.43 14.89 
53 129.43 18.92 
54 138.43 25.91 
55 146.42 31.91 
56 154.43 36.92 
57 162.42 42.91 
58 170.42 47.93 
59 178.42 53.93 
60 192.43 63.95 
61 200.43 67.98 
62 207.43 73.97 
